# Image list with two lines of data per image:
#   IMAGE_ID, QW, QX, QY, QZ, TX, TY, TZ, CAMERA_ID, NAME
#   POINTS2D[] as (X, Y, POINT3D_ID)
1 -0.5103146661991147 0.5103018512452078 0.48946855283050167 -0.4894808452511846 24.876949310302734 6.965081691741943 82.80870819091797 1 images/loop_0000.png

2 -0.5049271653775811 0.515546105794392 0.49458769035068256 -0.48440044076938615 25.002304077148438 6.942449569702148 83.32642364501953 1 images/loop_0001.png

3 -0.499482151421134 0.5207280875665689 0.4996581711660254 -0.4792718969624673 25.11678695678711 6.919813632965088 83.86337280273438 1 images/loop_0002.png

4 -0.49411058630748533 0.5257221256108303 0.5045624666221434 -0.47422325166347756 25.21799659729004 6.897703170776367 83.96717834472656 1 images/loop_0003.png

5 -0.48872243724527964 0.5306239422781387 0.5093870220917934 -0.46916252294774674 25.308204650878906 6.87583065032959 84.19998168945312 1 images/loop_0004.png

6 -0.48356767974139675 0.5352080400570385 0.5139174013030048 -0.46433130155718627 25.384124755859375 6.8551716804504395 83.92153930664062 1 images/loop_0005.png

7 -0.4781924060161781 0.539889206517442 0.5185546634097851 -0.45929590524017316 25.452831268310547 6.833979606628418 83.7574691772461 1 images/loop_0006.png

8 -0.47311009755755346 0.5442196869835018 0.5228607391497402 -0.4545419841383731 25.5081787109375 6.814272403717041 83.30461883544922 1 images/loop_0007.png

9 -0.4680670951785604 0.5484294912879591 0.5270599944362732 -0.4498289116559431 25.55410385131836 6.795066833496094 82.76406860351562 1 images/loop_0008.png

10 -0.4639452967388699 0.5518013460218584 0.530440437170056 -0.4459854019776739 25.585115432739258 6.7796311378479 81.79412078857422 1 images/loop_0009.png

11 -0.45953060346762 0.5553534593943432 0.5340091873929159 -0.44186915189383613 25.611980438232422 6.763395309448242 80.88259887695312 1 images/loop_0010.png

12 -0.4560121879617121 0.5581334144253887 0.5368175665526358 -0.4385964846789536 25.628761291503906 6.75067663192749 79.65833282470703 1 images/loop_0011.png

13 -0.45244476094748487 0.5609123653290587 0.5396320504281007 -0.4352795732203588 25.641664505004883 6.737999439239502 78.423583984375 1 images/loop_0012.png

14 -0.4503171177518927 0.5625389264606073 0.5412981505988541 -0.4333136991077433 25.64740753173828 6.730555057525635 76.85972595214844 1 images/loop_0013.png

15 -0.4490027651336259 0.5635252353377775 0.5423247444297108 -0.43211074693775997 25.65022850036621 6.726012229919434 75.16068267822266 1 images/loop_0014.png

16 -0.44726244025433665 0.5648312033382988 0.5436754370280096 -0.43051020945565 25.65314292907715 6.720051288604736 73.52139282226562 1 images/loop_0015.png

17 -0.44518237653746306 0.5663848257896484 0.5452788237653489 -0.42859291301742686 25.6553955078125 6.713006019592285 71.9320297241211 1 images/loop_0016.png

18 -0.4412319771686765 0.5693298158316047 0.5482864774159527 -0.42492333639349245 25.656009674072266 6.69980525970459 70.76126861572266 1 images/loop_0017.png

19 -0.43360822690894824 0.5749362650236625 0.5539677670340393 -0.41779409977265136 25.643733978271484 6.674971580505371 71.44873046875 1 images/loop_0018.png

20 -0.42602484877064034 0.5803461743997496 0.5594816429381789 -0.4107084577954594 25.61434555053711 6.651269912719727 71.87168884277344 1 images/loop_0019.png

21 -0.4184171041867923 0.5856121260029614 0.5648799347719471 -0.4036040437040631 25.568172454833984 6.628544807434082 72.09082794189453 1 images/loop_0020.png

22 -0.4113120185360612 0.5903845353892496 0.569806172920554 -0.39697537591473187 25.510406494140625 6.608344078063965 71.89851379394531 1 images/loop_0021.png

23 -0.4042544630251971 0.5949934112638391 0.574591020687572 -0.3903925314629413 25.439395904541016 6.589266777038574 71.57095336914062 1 images/loop_0022.png

24 -0.39652805958085935 0.5999107858138784 0.5797011076061258 -0.3831699007874243 25.346393585205078 6.5693359375 72.08089447021484 1 images/loop_0023.png

25 -0.39133775512463825 0.6031577904787073 0.5830522096430055 -0.3782929579429958 25.275033950805664 6.556271076202393 73.92708587646484 1 images/loop_0024.png

26 -0.38457441785773816 0.6072761363550185 0.5873422172814207 -0.37195071063522334 25.17185401916504 6.540171146392822 75.48886108398438 1 images/loop_0025.png

27 -0.3772639524239759 0.6116008266348573 0.5918781413685644 -0.36509807563323626 25.047574996948242 6.523818016052246 76.86860656738281 1 images/loop_0026.png

28 -0.369908033121892 0.6158270497263669 0.5963365926611432 -0.3582007260050005 24.90945053100586 6.508424758911133 78.20987701416016 1 images/loop_0027.png

29 -0.3629905985473944 0.6196929667573128 0.6004326986377045 -0.35170872426536004 24.767850875854492 6.494862079620361 79.68342590332031 1 images/loop_0028.png

30 -0.35535947999165957 0.6238271611683881 0.6048509996997048 -0.34454982387300015 24.5988826751709 6.4811482429504395 80.7863998413086 1 images/loop_0029.png

31 -0.34765648304553814 0.6278721226033274 0.609202354279219 -0.3373189277147912 24.4150333404541 6.468506813049316 81.86327362060547 1 images/loop_0030.png

32 -0.34011163471047734 0.6317139510442132 0.6133595275789627 -0.33022969266676705 24.2222957611084 6.4572553634643555 83.0350341796875 1 images/loop_0031.png

33 -0.33213542786570815 0.6356382523835202 0.617649948945736 -0.322736130965557 24.00536346435547 6.446833610534668 83.6404800415039 1 images/loop_0032.png

34 -0.3241233080766032 0.6394509394190067 0.6218480789986294 -0.31520079930632083 23.774049758911133 6.437671661376953 84.29930114746094 1 images/loop_0033.png

35 -0.3162265068999114 0.6430870147433048 0.6258765608590044 -0.30776357544344013 23.53321075439453 6.429848670959473 85.1866455078125 1 images/loop_0034.png

36 -0.30824096359647707 0.6466336921782135 0.629848083561907 -0.30023951794272496 23.277122497558594 6.423425197601318 85.61444091796875 1 images/loop_0035.png

37 -0.3002508977118704 0.6500591982467409 0.6337172051016321 -0.2927028205470459 23.008495330810547 6.418341636657715 85.98234558105469 1 images/loop_0036.png

38 -0.3318639025685814 0.7290032611184979 0.5448798449961129 -0.24804545947780998 23.902565002441406 -16.14757537841797 84.84507751464844 1 images/loop_0037.png

39 -0.3350953369489955 0.7280523561243278 0.5432587094423545 -0.25004170954439064 26.399829864501953 -16.163908004760742 84.15090942382812 1 images/loop_0038.png

40 -0.33447512488695924 0.7285331776284945 0.5432802435454334 -0.24942409045558556 27.831575393676758 -16.060203552246094 83.3458023071289 1 images/loop_0039.png

41 -0.33218001477097653 0.7302575363006011 0.543398320385274 -0.24718137847619792 29.01213264465332 -16.325288772583008 83.40093231201172 1 images/loop_0040.png

42 -0.32729272032056866 0.7342356695931903 0.5432622227473718 -0.24216443598882642 29.35474967956543 -17.165063858032227 84.4485092163086 1 images/loop_0041.png

43 -0.31080209490429417 0.739293726460476 0.5506818336061797 -0.2315088809428718 27.486703872680664 -17.106258392333984 85.96937561035156 1 images/loop_0042.png

44 -0.30839226119161034 0.7415426101273225 0.5501469978311138 -0.22879478005430198 28.643930435180664 -17.588104248046875 86.1811294555664 1 images/loop_0043.png

45 -0.305540081617544 0.7452123787602739 0.5484042049743036 -0.22484794202771885 29.60284423828125 -18.35942840576172 86.13227081298828 1 images/loop_0044.png

46 -0.30281996483718726 0.748187234819704 0.5472297615985549 -0.2214848043763703 30.37103843688965 -18.839859008789062 85.71382141113281 1 images/loop_0045.png

47 -0.22111458322782532 0.6778082863776587 0.6666275477919515 -0.21746719413892257 19.737686157226562 6.435932636260986 91.48114776611328 1 images/loop_0046.png

48 -0.21409828220201493 0.6797647822429114 0.6690836153117947 -0.21073415029769726 19.398855209350586 6.442720890045166 92.78836822509766 1 images/loop_0047.png

49 -0.2081946742697959 0.6813553805726047 0.6710894967090737 -0.20505782203373046 19.108076095581055 6.448793888092041 94.4151382446289 1 images/loop_0048.png

50 -0.20217219169307787 0.6829187111074723 0.6730850501334956 -0.1992610203028079 18.806297302246094 6.4556565284729 95.9906997680664 1 images/loop_0049.png

51 -0.19553885778573893 0.684569425833279 0.6752261775346442 -0.1928700740967777 18.468050003051758 6.464107036590576 97.4007797241211 1 images/loop_0050.png

52 -0.18896704284773458 0.6861357130384005 0.6772856969186125 -0.18652968868289543 18.126951217651367 6.473204135894775 98.78463745117188 1 images/loop_0051.png

53 -0.182144522752053 0.6876880835120208 0.6793603627449776 -0.17993879558895487 17.766674041748047 6.48347282409668 100.06694030761719 1 images/loop_0052.png

54 -0.17597287630686623 0.6890327018940023 0.6811776889915933 -0.17396677425592266 17.43541717529297 6.4932379722595215 101.50885772705078 1 images/loop_0053.png

55 -0.1693945453451562 0.6903981579513392 0.6830580232845392 -0.1675935808177733 17.076921463012695 6.504432678222656 102.79251098632812 1 images/loop_0054.png

56 -0.1626687124056507 0.6917241421815284 0.6849186817472235 -0.1610683101083571 16.704713821411133 6.516615867614746 103.98464965820312 1 images/loop_0055.png

57 -0.15620858431925777 0.6929337409450094 0.6866450876294776 -0.15479093151484946 16.341896057128906 6.528879165649414 105.23957824707031 1 images/loop_0056.png

58 -0.1518824775110362 0.6936913279118381 0.6877841068369877 -0.1505890998295294 16.096288681030273 6.538366794586182 104.35733795166016 1 images/loop_0057.png

59 -0.14797575143057223 0.6943445533850664 0.6887964347609489 -0.14679335691255369 15.872634887695312 6.54754638671875 102.9364242553711 1 images/loop_0058.png

60 -0.14356898678946697 0.6950560118897889 0.6899109095948968 -0.14250622158365644 15.618144989013672 6.558051109313965 101.59791564941406 1 images/loop_0059.png

61 -0.13828233533053122 0.6958753505641181 0.6912084430901865 -0.13735494317148078 15.30980110168457 6.57078218460083 100.4317398071289 1 images/loop_0060.png

62 -0.13207160694701892 0.6967890672268653 0.6926791048019107 -0.13129259005126837 14.943405151367188 6.585975646972656 99.4900894165039 1 images/loop_0061.png

63 -0.12507230397352995 0.6977540824857352 0.6942686584273222 -0.1244475354467448 14.525253295898438 6.603480339050293 98.78467559814453 1 images/loop_0062.png

64 -0.1174042764287124 0.6987320609419939 0.6959284227734319 -0.11693320000790264 14.06094741821289 6.623135089874268 98.33511352539062 1 images/loop_0063.png

65 -0.10925540109270997 0.6996802237650388 0.6975994485872862 -0.10893048762807467 13.560632705688477 6.644572734832764 98.13640594482422 1 images/loop_0064.png

66 -0.10082357787139241 0.7005622638067742 0.6992284312305364 -0.10063161349209371 13.035698890686035 6.667344570159912 98.16159057617188 1 images/loop_0065.png

67 -0.09227012802838698 0.7013540285594663 0.7007774016106854 -0.09219427036865513 12.495918273925781 6.691038131713867 98.3709716796875 1 images/loop_0066.png

68 -0.08370206963988336 0.7020431580503993 0.7022248245632573 -0.083723733431592 11.948116302490234 6.715344429016113 98.72122192382812 1 images/loop_0067.png

69 -0.07517649151640073 0.7026255228337265 0.7035618608414654 -0.0752766747087823 11.39623737335205 6.74007511138916 99.1707992553711 1 images/loop_0068.png

70 -0.06671299203158562 0.7031017062490728 0.7047874692386588 -0.06687294346746431 10.841911315917969 6.765135765075684 99.681396484375 1 images/loop_0069.png

71 -0.05830631190062965 0.7034740354444935 0.7059047353090518 -0.05850777825420539 10.285177230834961 6.790505409240723 100.21728515625 1 images/loop_0070.png

72 -0.049936505915456474 0.7037449689280892 0.7069180796509141 -0.05016166612086992 9.725051879882812 6.81620979309082 100.7435073852539 1 images/loop_0071.png

73 -0.04157814637504371 0.7039160193426037 0.7078315247741256 -0.04180942468887461 9.160120010375977 6.842302322387695 101.22425842285156 1 images/loop_0072.png

74 -0.033210103300643834 0.7039874385713429 0.7086474544470253 -0.03342993685712481 8.589183807373047 6.868825435638428 101.62158203125 1 images/loop_0073.png

75 -0.024827394779821117 0.7039585859941064 0.7093659170188834 -0.025018102357769134 8.012117385864258 6.895773410797119 101.89915466308594 1 images/loop_0074.png

76 -0.016577977153606083 0.7038296369326682 0.7099784226583084 -0.01672280503813639 7.439444065093994 6.922788619995117 101.83177185058594 1 images/loop_0075.png

77 -0.00838012065176023 0.7036042101280806 0.7104922806919082 -0.00846215960098673 6.865866184234619 6.949974536895752 101.55736541748047 1 images/loop_0076.png

78 -0.00014329944118857715 0.703282435119911 0.7109105252663501 -0.00014485372143302477 6.285281181335449 6.977416038513184 101.27046966552734 1 images/loop_0077.png

79 0.007356149512937147 0.7029006584635726 0.7112110455730446 0.007443121033291811 5.753127574920654 7.002869129180908 100.5337905883789 1 images/loop_0078.png

80 0.014983375347070197 0.702431206162548 0.7114320819420712 0.0151753700385594 5.208624839782715 7.028775215148926 99.79298400878906 1 images/loop_0079.png

81 0.02346886600901576 0.701820028207414 0.7115698581316995 0.023794901420858827 4.599201679229736 7.057045936584473 99.54204559326172 1 images/loop_0080.png

82 0.03212235053820774 0.7010979790031237 0.7115945509893207 0.03260327339307145 3.974029541015625 7.085368633270264 99.715576171875 1 images/loop_0081.png

83 0.040582806867274265 0.7002931794166567 0.7115071086462151 0.04123266902817768 3.35947322845459 7.112666130065918 100.12122344970703 1 images/loop_0082.png

84 0.04914291999429896 0.6993731287544528 0.7113114793484594 0.04998179206218667 2.7345752716064453 7.14025354385376 100.29681396484375 1 images/loop_0083.png

85 0.05731728959533308 0.6984031791966954 0.7110152813906222 0.05835235411196105 2.1352176666259766 7.1659345626831055 100.88186645507812 1 images/loop_0084.png

86 0.06514934743922268 0.6973872218113509 0.7106331140568113 0.06638676515999287 1.5587787628173828 7.190070152282715 101.62208557128906 1 images/loop_0085.png

87 -0.0028410373146605596 0.7713183854010008 0.6364388277304586 -0.002344228326868092 22.944849014282227 -13.8291654586792 98.86527252197266 1 images/loop_0086.png

88 0.02019240808491273 0.7694892474041705 0.6381208079069836 0.016745127686414785 18.704078674316406 -13.737099647521973 100.58732604980469 1 images/loop_0087.png

89 0.031702187931228074 0.7674045701227776 0.639833213638649 0.026432097152646272 17.211122512817383 -13.548259735107422 102.10494995117188 1 images/loop_0088.png

90 0.030425773259895938 0.7677529338671575 0.6395212168367423 0.025343994861931507 19.26670265197754 -13.837383270263672 102.69825744628906 1 images/loop_0089.png

91 0.04886582558959102 0.7644969800806416 0.6414634540744066 0.04100165391735311 15.978059768676758 -13.420886993408203 104.13610076904297 1 images/loop_0090.png

92 0.06838382919391553 0.7605191666398515 0.6431098829625782 0.05782670243115973 12.373950958251953 -12.847816467285156 105.0949478149414 1 images/loop_0091.png

93 0.08651656454026875 0.7554925213249033 0.6452028460199197 0.07388654661090754 9.040658950805664 -12.015826225280762 105.9275894165039 1 images/loop_0092.png

94 0.10410568695098173 0.7505663644870705 0.6463550006961505 0.08965127729266109 5.788328170776367 -11.287826538085938 106.46927642822266 1 images/loop_0093.png

95 0.12074060336262296 0.7468929330709706 0.6455102233687152 0.10435135243370441 2.824422836303711 -10.982227325439453 106.53060913085938 1 images/loop_0094.png

96 0.13702094205878174 0.7442235691858222 0.642919273538937 0.11836954092081442 -0.0366668701171875 -11.158273696899414 106.8780288696289 1 images/loop_0095.png

97 0.15333042743896635 0.7408932633741326 0.6403174850694471 0.1325159259204346 -3.0004806518554688 -11.25748062133789 107.32369232177734 1 images/loop_0096.png

98 0.16696038942857777 0.7385358569986469 0.6371360620944161 0.1440369906237694 -5.126049041748047 -11.524870872497559 107.33606719970703 1 images/loop_0097.png

99 0.1810065005320336 0.7346612138387396 0.6348569770151777 0.15641664355587914 -7.472751617431641 -11.330909729003906 106.85324096679688 1 images/loop_0098.png

100 0.18842121298643108 0.7352212519806053 0.6307289322166326 0.16164210836802295 -7.716342926025391 -12.162322044372559 106.7451400756836 1 images/loop_0099.png

101 0.19880085325980265 0.7335165151430927 0.627316209708552 0.17001798667318502 -8.841796875 -12.49046802520752 106.33487701416016 1 images/loop_0100.png

102 0.18151515365914053 0.6717539843139021 0.6933260428335151 0.18734415357655299 -7.108161926269531 7.48506498336792 107.74048614501953 1 images/loop_0101.png

103 0.1854724471602901 0.6705394822206718 0.6923191269851843 0.19149673766954634 -7.4008331298828125 7.4910054206848145 109.2064208984375 1 images/loop_0102.png

104 0.22258673054168954 0.7365384614480469 0.6114124954161675 0.18477284065435828 -11.605445861816406 -16.488595962524414 109.3329849243164 1 images/loop_0103.png

105 0.19285189512932865 0.6682103970718036 0.6903651600784035 0.19924597245638254 -7.945281982421875 7.501327991485596 112.16685485839844 1 images/loop_0104.png

106 0.19459813816671492 0.6676563893572045 0.6898804827624515 0.2010756819607884 -8.073657989501953 7.503017902374268 113.9101333618164 1 images/loop_0105.png

107 0.19687204896242955 0.6669215703876279 0.6892460893571107 0.2034621429036988 -8.240776062011719 7.505541801452637 115.59337615966797 1 images/loop_0106.png

108 0.23265365090838203 0.7312248859510884 0.6110515784936996 0.19441814037063698 -12.200115203857422 -17.157243728637695 115.46273040771484 1 images/loop_0107.png

109 0.23935222051041846 0.7258736462970443 0.6124047534006636 0.20193657955020905 -12.867839813232422 -16.167198181152344 115.78060150146484 1 images/loop_0108.png

110 0.2122586483435003 0.6616481278372094 0.6847702864616787 0.2196762980207404 -9.367862701416016 7.525628089904785 117.74134063720703 1 images/loop_0109.png

111 0.21715090856480967 0.6598948357306795 0.6832515412321631 0.2248368743985979 -9.72396469116211 7.530895233154297 118.7787094116211 1 images/loop_0110.png

112 0.22144375700543129 0.6583268420437579 0.6818794376209245 0.2293662226174208 -10.035396575927734 7.53498649597168 119.9959945678711 1 images/loop_0111.png

113 0.22533698776984917 0.6568802971525627 0.680603371524646 0.23347498329554683 -10.316970825195312 7.538296222686768 121.30847930908203 1 images/loop_0112.png

114 0.22901221547837422 0.6554926259751217 0.6793714039591967 0.2373548355025351 -10.581985473632812 7.541106224060059 122.66099548339844 1 images/loop_0113.png

115 0.23268058192839972 0.6540849571252342 0.6781158366168428 0.24122920176749196 -10.845756530761719 7.54366397857666 123.9974365234375 1 images/loop_0114.png

116 0.2694722669041946 0.7017303820447018 0.6156793803797124 0.2364277243898525 -15.863414764404297 -13.29409122467041 124.27101135253906 1 images/loop_0115.png

117 0.26783528953918856 0.7000913409388685 0.6182212100561008 0.2365140745423966 -14.240669250488281 -12.744155883789062 125.67009735107422 1 images/loop_0116.png

118 0.26667492306972373 0.6986005138177472 0.6203016598305229 0.23678610244445408 -12.513423919677734 -12.256783485412598 126.7428970336914 1 images/loop_0117.png

119 0.2650419709545573 0.6963563708300191 0.6233398263117901 0.23725096284431957 -10.498863220214844 -11.357380867004395 127.33634948730469 1 images/loop_0118.png

120 0.26403709217469834 0.6939924869267247 0.6260408584001068 0.23818414233287533 -8.655723571777344 -10.480240821838379 127.78839874267578 1 images/loop_0119.png

121 0.26404292347598973 0.6916549048279859 0.6280239349137035 0.23975146373932965 -7.106304168701172 -9.71830940246582 127.99044036865234 1 images/loop_0120.png

122 0.26294503753701565 0.6901363492324938 0.6300387946486734 0.24004758682467298 -5.096218109130859 -9.094232559204102 128.1501007080078 1 images/loop_0121.png

123 0.26267340422544566 0.6867619132275251 0.633037389487631 0.24212480410600223 -3.5857620239257812 -7.8935956954956055 128.067626953125 1 images/loop_0122.png

124 0.2624746658708665 0.684364979071994 0.6351469214092257 0.24359805709436355 -2.2178955078125 -7.098935127258301 128.4134979248047 1 images/loop_0123.png

125 0.2654207865938228 0.6816369902100238 0.6353826688704758 0.24740995073029648 -2.3764686584472656 -6.721014499664307 129.84527587890625 1 images/loop_0124.png

126 0.2666653654067691 0.6797407525643316 0.6360633667814721 0.2495305304654486 -1.580047607421875 -6.375432014465332 130.98721313476562 1 images/loop_0125.png

127 0.2628260281958303 0.6786760783839989 0.6395191829322154 0.24766201604976035 1.3086700439453125 -5.566076278686523 131.6288604736328 1 images/loop_0126.png

128 0.26465188806946777 0.6765696751099665 0.6399588151208563 0.25033091661233153 2.25140380859375 -5.110534191131592 131.5863800048828 1 images/loop_0127.png

129 0.26944816788745946 0.6737440246723457 0.6388909019032102 0.25550947048143746 2.0027618408203125 -4.774845600128174 131.03602600097656 1 images/loop_0128.png

130 0.2752998542265853 0.6710848337637496 0.6368652467277841 0.2612619254033407 1.28790283203125 -4.6339545249938965 130.1481170654297 1 images/loop_0129.png

131 0.28189352114729505 0.668457254836035 0.6341755137941334 0.267436644639807 0.22539520263671875 -4.6122541427612305 129.0485382080078 1 images/loop_0130.png

132 0.2970763438634739 0.6627008586131976 0.6272938006438177 0.28120402839197667 -4.1514434814453125 -4.816091060638428 127.70474243164062 1 images/loop_0131.png

133 0.3014087284770705 0.6610679392387966 0.625206985851117 0.2850582097596345 -4.46246337890625 -4.830349922180176 126.34298706054688 1 images/loop_0132.png

134 0.3058429289093538 0.6592123047333105 0.6231484883325557 0.2891110541179559 -4.8752593994140625 -4.787199020385742 124.92198944091797 1 images/loop_0133.png

135 0.3074675342448911 0.6590570182068588 0.6220128397913336 0.29018543945617326 -4.20916748046875 -4.873955726623535 123.48638916015625 1 images/loop_0134.png

136 0.3083705073835038 0.6591873757271225 0.621227678712921 0.29061280952323154 -3.3623199462890625 -4.932329177856445 121.99407196044922 1 images/loop_0135.png

137 0.30819445516435806 0.6599640015407198 0.6208171392329179 0.2899133907065362 -2.141712188720703 -5.028151512145996 120.47892761230469 1 images/loop_0136.png

138 0.3098792148239982 0.6598044135497129 0.6196327557680822 0.29101246718935336 -1.6608314514160156 -5.092368125915527 118.9162368774414 1 images/loop_0137.png

139 0.31258024137311424 0.6586935083211297 0.6183205616171431 0.2934214339140683 -1.6740531921386719 -5.000164031982422 117.31130981445312 1 images/loop_0138.png

140 0.3141178612158663 0.6581628708678867 0.6174939525456659 0.29470803050755556 -1.2920188903808594 -4.915114402770996 115.69416046142578 1 images/loop_0139.png

141 0.3149969239598531 0.6580901360715508 0.6168589517886099 0.29526148461899937 -0.7122688293457031 -4.867778778076172 114.04747772216797 1 images/loop_0140.png

142 0.34933847110437866 0.5964408201477425 0.6235639204227148 0.3652246128275005 -18.628368377685547 7.486874103546143 110.66088104248047 1 images/loop_0141.png

143 0.3524553661551447 0.5945261899158188 0.6216778848256501 0.36855180353829264 -18.814022064208984 7.481252670288086 108.89435577392578 1 images/loop_0142.png

144 0.35542575044536995 0.5926805822906597 0.6198578333334334 0.3717237277214521 -18.989559173583984 7.475716590881348 107.09825897216797 1 images/loop_0143.png

145 0.3580763253501465 0.5910146182098576 0.6182155823357611 0.3745564844496053 -19.145069122314453 7.470688819885254 105.2625503540039 1 images/loop_0144.png

146 0.3614695952032371 0.5888653383186528 0.6160837704268871 0.37817738283384583 -19.342308044433594 7.463751316070557 103.50770568847656 1 images/loop_0145.png

147 0.3667446142731113 0.5854920357799137 0.6127020234489433 0.3837886063987952 -19.644603729248047 7.451689720153809 102.41291046142578 1 images/loop_0146.png

148 0.36972147604564526 0.5835479469945138 0.6107659477018458 0.38696612362968374 -19.813400268554688 7.445043563842773 100.68133544921875 1 images/loop_0147.png

149 0.3742751945433519 0.5805479034739891 0.6077531057658079 0.3918142071869096 -20.0682373046875 7.433975696563721 99.11962127685547 1 images/loop_0148.png

150 0.3768653690928095 0.5788076463932299 0.606018731176305 0.39458269034352256 -20.211833953857422 7.427879333496094 97.24544525146484 1 images/loop_0149.png

151 0.3799766785772052 0.5767011851734529 0.603909177863444 0.39790347026542694 -20.382553100585938 7.420162200927734 95.40113830566406 1 images/loop_0150.png

152 0.38287692394327094 0.5747158618699392 0.6019188167885157 0.40099959753439296 -20.540081024169922 7.412783145904541 93.62936401367188 1 images/loop_0151.png

153 0.38951504704214146 0.570144300630971 0.597258427808894 0.408039060626587 -20.893327713012695 7.393540382385254 92.93218994140625 1 images/loop_0152.png

154 0.3958420707134351 0.5656867155806161 0.5927006179824382 0.4147451896190606 -21.221853256225586 7.374277591705322 92.07513427734375 1 images/loop_0153.png

155 0.4020732492263691 0.561197726979083 0.5880993615027713 0.42134707129644766 -21.537330627441406 7.354465961456299 90.9703140258789 1 images/loop_0154.png

156 0.4085490019792837 0.556433252150587 0.5831947854481467 0.4281980746207804 -21.8561954498291 7.332803726196289 90.02118682861328 1 images/loop_0155.png

157 0.4138287769966096 0.5524591319094821 0.5791048628501532 0.43378820721939493 -22.10944175720215 7.314695358276367 88.55390167236328 1 images/loop_0156.png

158 0.41930884333915003 0.5482574463954861 0.574768738688271 0.43958476247042444 -22.365434646606445 7.295202255249023 87.04093170166016 1 images/loop_0157.png

159 0.42582709069620805 0.5431688390333977 0.5694854782451847 0.44645849885534394 -22.66021156311035 7.270802021026611 86.03755950927734 1 images/loop_0158.png

160 0.4321069457362489 0.5381558094347068 0.5642669035065232 0.453072592224829 -22.934202194213867 7.246441841125488 84.98062896728516 1 images/loop_0159.png

161 0.43878201190199406 0.5327148302519462 0.5585768714531093 0.46008383403303243 -23.214046478271484 7.219461441040039 84.31674194335938 1 images/loop_0160.png

162 0.4453209125077595 0.5272667320281264 0.5528574322414614 0.4669344041672381 -23.476417541503906 7.192060470581055 83.96693420410156 1 images/loop_0161.png

163 0.4517027873038535 0.521819097116642 0.5471348092754371 0.4736168517962942 -23.721097946166992 7.164701461791992 83.0859375 1 images/loop_0162.png

164 0.4577696358916595 0.5165187345945298 0.5415620332320414 0.47996450017689896 -23.942821502685547 7.138112545013428 81.83170318603516 1 images/loop_0163.png

165 0.46389448895018576 0.5110584778547932 0.5358002825675517 0.4863529505769647 -24.155231475830078 7.110487937927246 80.95348358154297 1 images/loop_0164.png

166 0.46922736075061466 0.5062305805633844 0.5306696659573416 0.4918800553571925 -24.330211639404297 7.085599899291992 81.49041748046875 1 images/loop_0165.png

167 0.4746262189399778 0.5012416628509658 0.5253666695324666 0.4974702104262151 -24.49808692932129 7.060085773468018 81.69631958007812 1 images/loop_0166.png

168 0.48053209722253276 0.4956658852495835 0.5194366095386077 0.5035770471434312 -24.670635223388672 7.031799793243408 81.60001373291016 1 images/loop_0167.png

169 0.4863812413216961 0.4900250252849143 0.5134269712402355 0.5096091717070678 -24.829578399658203 7.003355026245117 81.5472640991211 1 images/loop_0168.png

170 0.492362258694334 0.484123538929647 0.507136952394825 0.5157673087578708 -24.979446411132812 6.973934173583984 81.12120056152344 1 images/loop_0169.png

171 0.4983089878559903 0.4781213608303406 0.5007333325290736 0.5218757003674431 -25.115215301513672 6.94434928894043 80.5255126953125 1 images/loop_0170.png

172 0.5041743847027628 0.47206588938256716 0.4942665117810021 0.5278850265189168 -25.23567771911621 6.9148783683776855 79.80038452148438 1 images/loop_0171.png

173 0.5097706503121642 0.4661538710992743 0.48795172012290944 0.5336080690624609 -25.33771324157715 6.8865556716918945 78.73137664794922 1 images/loop_0172.png

174 0.504897986287501 0.40631644148691737 0.4774636868306408 0.5933071721952522 -33.35841369628906 15.210886001586914 72.97168731689453 1 images/loop_0173.png

175 0.5160873950437908 0.38630308335482555 0.4581067878602145 0.6120146235049166 -36.723602294921875 15.409747123718262 69.82823944091797 1 images/loop_0174.png

176 0.5252466036806617 0.44909158767893914 0.4697132939127094 0.5493652452782314 -25.549983978271484 6.807417869567871 74.47967529296875 1 images/loop_0175.png

177 0.5065993760407017 0.35844950531428404 0.45291520525437534 0.6401084604850209 -37.00129699707031 19.101213455200195 65.59679412841797 1 images/loop_0176.png

178 0.5361207816745879 0.4364709075703628 0.45617920256903377 0.5603286441409305 -25.632749557495117 6.7514801025390625 72.33666229248047 1 images/loop_0177.png

179 0.5418403283171136 0.42961319196721864 0.4488084551228402 0.5660499399409828 -25.652606964111328 6.722185134887695 71.73995208740234 1 images/loop_0178.png

180 0.5474799304168259 0.42268601471122513 0.4413600791884347 0.5716673326831856 -25.655357360839844 6.693488121032715 71.12190246582031 1 images/loop_0179.png

181 0.5529108888461095 0.41585421465450806 0.43401122410397003 0.5770520587444958 -25.641517639160156 6.666103839874268 70.5539779663086 1 images/loop_0180.png

182 0.5568192815387515 0.4108632379002693 0.4286209735633997 0.5808853143868753 -25.621246337890625 6.646738052368164 71.37397003173828 1 images/loop_0181.png

183 0.560174707453707 0.4065143748038469 0.4239199156504458 0.5841594519665932 -25.596729278564453 6.630337715148926 72.40260314941406 1 images/loop_0182.png

184 0.5639345922611211 0.4015524544538669 0.41856356149534985 0.58782475871784 -25.56116485595703 6.612143516540527 73.17233276367188 1 images/loop_0183.png

185 0.5681845122567725 0.39582952696998175 0.41239319976476424 0.5919604669215953 -25.510303497314453 6.5918402671813965 73.63174438476562 1 images/loop_0184.png

186 0.5726014332658216 0.38975352356295834 0.40584697827558713 0.5962449326549959 -25.445030212402344 6.571093559265137 73.87017822265625 1 images/loop_0185.png

187 0.5770695142092533 0.3834707987264312 0.3990818322693524 0.6005619147489676 -25.36562156677246 6.550532341003418 73.9594955444336 1 images/loop_0186.png

188 0.5812152900327903 0.3775209211791706 0.3926740014634477 0.6045443484797569 -25.27950096130371 6.5319504737854 74.2738265991211 1 images/loop_0187.png

189 0.5854874974196246 0.37125322115943976 0.385929480806486 0.6086327891171177 -25.1776123046875 6.513266563415527 74.36978912353516 1 images/loop_0188.png

190 0.589511350187831 0.3652256875944812 0.3794440527005641 0.6124612444808489 -25.06903839111328 6.496225357055664 74.63673400878906 1 images/loop_0189.png

191 0.5935499354480801 0.3590418364086755 0.37279604965916474 0.6162877081334555 -24.947172164916992 6.47963809967041 74.71814727783203 1 images/loop_0190.png

192 0.5977462935978974 0.3524641678311046 0.36573262331814177 0.6202483592287314 -24.806201934814453 6.4629621505737305 74.45242309570312 1 images/loop_0191.png

193 0.6017117788102078 0.3461038439347182 0.35890759314069465 0.6239714769447573 -24.659025192260742 6.447831153869629 74.11766815185547 1 images/loop_0192.png

194 0.6056969642506299 0.33955109831135427 0.35188770317179907 0.6277031810414854 -24.49658966064453 6.433139801025391 73.12948608398438 1 images/loop_0193.png

195 0.6092938405317174 0.3334948517560037 0.345407976148477 0.63105905409507 -24.33692169189453 6.4203948974609375 71.85199737548828 1 images/loop_0194.png

196 0.6106164449298787 0.3312622766850405 0.34300679118776084 0.632265136177629 -24.27560806274414 6.416234970092773 72.64283752441406 1 images/loop_0195.png

197 0.6107464948952464 0.33107872608550454 0.34279115325349574 0.6323526084060292 -24.270263671875 6.416330337524414 74.4721450805664 1 images/loop_0196.png

198 0.610843433825015 0.3308955761868314 0.342603456843512 0.6324565505801363 -24.265296936035156 6.415778160095215 73.6383285522461 1 images/loop_0197.png

199 0.6113361129310063 0.330011355664716 0.3416758049113287 0.6329441574870086 -24.24091148376465 6.413628578186035 71.76909637451172 1 images/loop_0198.png

200 0.612022540467834 0.32885312788875987 0.34042439906671745 0.6335576207079683 -24.208187103271484 6.411708831787109 72.76889038085938 1 images/loop_0199.png

201 0.6119245554874527 0.3290028038110114 0.34059397851925005 0.6334834135732408 -24.21254539489746 6.411764144897461 71.89315032958984 1 images/loop_0200.png

202 0.6109144660245602 0.33077775446196794 0.34247542059139857 0.632518915642662 -24.262001037597656 6.415595531463623 73.81365966796875 1 images/loop_0201.png

203 0.61022099084321 0.3320010181191653 0.34376676984708754 0.631846559103607 -24.295562744140625 6.418397903442383 75.72722625732422 1 images/loop_0202.png

204 0.6097906902524299 0.3327703286705367 0.34457270674539076 0.6314181437083688 -24.31641387939453 6.420316696166992 77.62471771240234 1 images/loop_0203.png

205 0.6096895629238411 0.3329769404745388 0.34477681562325424 0.6312954469839296 -24.321819305419922 6.421115875244141 79.48222351074219 1 images/loop_0204.png

206 0.6098965639026178 0.33265792311655323 0.3444188302637734 0.6314590698432453 -24.31289291381836 6.420868873596191 81.30233764648438 1 images/loop_0205.png

207 0.6116777051952428 0.3296362054963717 0.34117103144053573 0.6330818938327302 -24.228973388671875 6.415389060974121 82.63035583496094 1 images/loop_0206.png

208 0.6138420958113858 0.32591061543517913 0.3371731340792785 0.6350546667899584 -24.122549057006836 6.408858299255371 83.7872085571289 1 images/loop_0207.png

209 0.6159827354937667 0.32217518439102577 0.3331673390554659 0.6369991713675336 -24.012521743774414 6.402661323547363 84.92861938476562 1 images/loop_0208.png

210 0.6185594484755655 0.31760064655524245 0.32826948970689446 0.6393380796862265 -23.873397827148438 6.395435333251953 85.73991394042969 1 images/loop_0209.png

211 0.6212643577597246 0.31271130356680193 0.3230400634585996 0.6417845088498255 -23.719406127929688 6.388248443603516 86.38407897949219 1 images/loop_0210.png

212 0.6239890865415836 0.3076942878086844 0.3176789435204014 0.6442374825874921 -23.55579948425293 6.38147497177124 86.9451904296875 1 images/loop_0211.png

213 0.6266579974142175 0.3026883205302421 0.31233396836405447 0.6466274252592028 -23.38699722290039 6.375341415405273 87.5034408569336 1 images/loop_0212.png

214 0.629205977573419 0.2978221220580781 0.3071418740954645 0.6488957470779317 -23.217695236206055 6.369994163513184 88.13484954833984 1 images/loop_0213.png

215 0.6315562572107766 0.29325645234757397 0.3022732670268568 0.6509748222284341 -23.054250717163086 6.365551948547363 88.916259765625 1 images/loop_0214.png

216 0.6336130842329236 0.289199957985869 0.2979491453336055 0.6527818552815228 -22.90533447265625 6.362104415893555 89.91476440429688 1 images/loop_0215.png

217 0.6352654082465836 0.2859019851709452 0.29443354370392333 0.6542222896711515 -22.781734466552734 6.359699249267578 91.17219543457031 1 images/loop_0216.png

218 0.6378071400540292 0.2807195096046506 0.2889232799998821 0.6564464542501043 -22.583240509033203 6.356064319610596 91.41864013671875 1 images/loop_0217.png

219 0.6403053692987848 0.27552300629880255 0.28340325732816485 0.658618782592026 -22.378849029541016 6.353066444396973 91.66595458984375 1 images/loop_0218.png

220 0.6427669007971227 0.270297029638637 0.2778576405325563 0.6607460621190808 -22.168010711669922 6.35068416595459 91.85010528564453 1 images/loop_0219.png

221 0.6453064822977697 0.2647858631241112 0.27201682061915794 0.662928985559044 -21.9400634765625 6.3487958908081055 91.7442626953125 1 images/loop_0220.png

222 0.6478048375168985 0.25924211240887407 0.26614820579964604 0.6650620664217125 -21.705081939697266 6.3475799560546875 91.52946472167969 1 images/loop_0221.png

223 0.6500850430620951 0.2540808658703957 0.2606876459473002 0.6669889816450931 -21.481204986572266 6.347216606140137 91.86675262451172 1 images/loop_0222.png

224 0.6520113500094619 0.2496427309387957 0.25599439091225723 0.6686004622865002 -21.28485107421875 6.3475189208984375 92.66351318359375 1 images/loop_0223.png

225 0.6535664113667428 0.24600747988860566 0.25215134103165426 0.6698887721017518 -21.121402740478516 6.348222732543945 93.80774688720703 1 images/loop_0224.png

226 0.6553864313691983 0.24167199946515316 0.24757477600736555 0.6713940724615948 -20.92354965209961 6.349294662475586 94.55355834960938 1 images/loop_0225.png

227 0.6570860631001524 0.2375543021811487 0.24323117093005203 0.6727885675922013 -20.732669830322266 6.350754737854004 95.4881362915039 1 images/loop_0226.png

228 0.659124340906276 0.23250638265457454 0.23791501381075472 0.6744570642028891 -20.494895935058594 6.352842330932617 95.80479431152344 1 images/loop_0227.png

229 0.6608771356466008 0.22808355375661002 0.23326016552392878 0.6758764674591422 -20.28310775756836 6.355241775512695 96.55138397216797 1 images/loop_0228.png

230 0.6628850230686498 0.22289700215080696 0.22781047293442055 0.6774974251204604 -20.03083038330078 6.358373641967773 96.58959197998047 1 images/loop_0229.png

231 0.6649116713975061 0.21753347049408606 0.22218251701434788 0.6791219239483752 -19.765548706054688 6.362115383148193 96.29693603515625 1 images/loop_0230.png

232 0.6667288217911119 0.2126224683237783 0.2170330659359666 0.6805593379326846 -19.51873016357422 6.36622428894043 96.6663589477539 1 images/loop_0231.png

233 0.668189757701699 0.20860385196449147 0.21282142375452975 0.6816992901853547 -19.314010620117188 6.370125770568848 97.63819122314453 1 images/loop_0232.png

234 0.6693094192298121 0.20548153391161114 0.20955016242782837 0.6825620630961365 -19.153270721435547 6.373523712158203 98.94882202148438 1 images/loop_0233.png

235 0.6706774926207348 0.2015934160755062 0.2054820616027524 0.6836145974498019 -18.951171875 6.377857208251953 99.95301818847656 1 images/loop_0234.png

236 0.6723871170734699 0.19661365106865705 0.2002807224813691 0.6849279299381954 -18.68927764892578 6.383545875549316 100.0994873046875 1 images/loop_0235.png

237 0.6740637530434528 0.19159768790027346 0.1950500984800818 0.6862097652373907 -18.422035217285156 6.389529228210449 99.4018325805664 1 images/loop_0236.png

238 0.675536085916247 0.18707954482931485 0.19034535396945293 0.6873288054153243 -18.178409576416016 6.395166397094727 98.21939086914062 1 images/loop_0237.png

239 0.6768448746577075 0.18297006987338968 0.1860713279898972 0.6883170999475428 -17.95446014404297 6.400516986846924 96.82534790039062 1 images/loop_0238.png

240 0.6780572949748357 0.17908170548106891 0.18203148918590828 0.689226076435128 -17.74053192138672 6.405796051025391 95.33972930908203 1 images/loop_0239.png

241 0.6792164971674309 0.17528756034989956 0.17809330565502962 0.6900883969775539 -17.52991485595703 6.411163330078125 93.81189727783203 1 images/loop_0240.png

242 0.6803463679042278 0.17151425578685986 0.174180302902929 0.6909217769198253 -17.31863021850586 6.416720390319824 92.26420593261719 1 images/loop_0241.png

243 0.6814595332524309 0.16772033307693945 0.17024942756071293 0.691735445692346 -17.104408264160156 6.42253303527832 90.70797729492188 1 images/loop_0242.png

244 0.6825616523387642 0.16388527489573865 0.1662794915655364 0.6925332758168605 -16.88605499267578 6.428635597229004 89.14852142333984 1 images/loop_0243.png

245 0.6836690085790662 0.15994904826729459 0.1622084498192969 0.6933263354828832 -16.660106658935547 6.435146331787109 87.60037994384766 1 images/loop_0244.png

246 0.6847825769021266 0.1559016606761945 0.15802626208956227 0.6941146843711704 -16.42584991455078 6.442096710205078 86.0658950805664 1 images/loop_0245.png

247 0.6859115509902783 0.15170166482121455 0.15369044499164095 0.6949037316253633 -16.180742263793945 6.449587345123291 84.55574798583984 1 images/loop_0246.png

248 0.6870593717461807 0.1473250519504255 0.149176702603001 0.6956946601520266 -15.923189163208008 6.457693099975586 83.07740020751953 1 images/loop_0247.png

249 0.7330476556609572 0.17132644883424178 0.14980691925389644 0.6409729084785716 -11.542343139648438 -5.5491414070129395 82.38063049316406 1 images/loop_0248.png

250 0.7387551067950625 0.15820675655567468 0.13719021076541502 0.6406171715107947 -13.199411392211914 -5.915262699127197 80.67189025878906 1 images/loop_0249.png

251 0.7438209825732206 0.1426866689262558 0.12301598752910943 0.6412783539203367 -15.15153694152832 -6.050343990325928 78.94247436523438 1 images/loop_0250.png

252 0.7488251654421585 0.12548794458710907 0.1075576192878185 0.6418294211836688 -17.262155532836914 -6.163354873657227 77.18743133544922 1 images/loop_0251.png

253 0.6931481579264351 0.12194595195342066 0.12309147918530126 0.6996594198017619 -14.388845443725586 6.510574817657471 76.54387664794922 1 images/loop_0252.png

254 0.7497539483534651 0.11526030491578874 0.09900809171545762 0.6440353071175311 -15.959159851074219 -5.542980670928955 75.27814483642578 1 images/loop_0253.png

255 0.7552361755196747 0.08843857166075077 0.07553587390444051 0.6450513700338244 -19.516677856445312 -5.622705936431885 73.58956146240234 1 images/loop_0254.png

256 0.7595972925675879 0.06088433074357747 0.051736443651386084 0.6454675760967421 -23.003692626953125 -5.656327247619629 72.00419616699219 1 images/loop_0255.png

257 0.6982585581217439 0.09673803166855181 0.09733515031869713 0.7025685786818776 -12.802019119262695 6.5725250244140625 73.76874542236328 1 images/loop_0256.png

258 0.6990544449688707 0.09229077503450994 0.0928100464312339 0.7029876180234084 -12.516273498535156 6.583707332611084 72.35921478271484 1 images/loop_0257.png

259 0.6998907604407423 0.08744538129461116 0.0878848025609065 0.7034077695183286 -12.203058242797852 6.596263408660889 71.16659545898438 1 images/loop_0258.png

260 0.7008865107689529 0.08141700551668551 0.08176448452820435 0.7038777871936686 -11.810689926147461 6.612411022186279 70.14729309082031 1 images/loop_0259.png

261 0.7018068786243943 0.07552169146924703 0.07578853844057021 0.7042866438277468 -11.42425537109375 6.628401279449463 68.97140502929688 1 images/loop_0260.png

262 0.7026484757929683 0.06981155200797086 0.07000890781762655 0.7046348128628334 -11.047469139099121 6.644075393676758 67.70951080322266 1 images/loop_0261.png

263 0.7033253564351322 0.06493599537643265 0.06508119428213664 0.7048980051402318 -10.72390365600586 6.657394886016846 66.21231079101562 1 images/loop_0262.png

264 0.7040771676347571 0.05922984073768824 0.05932078753153668 0.7051582887183873 -10.343067169189453 6.673437595367432 64.91596984863281 1 images/loop_0263.png

265 0.7049573821998426 0.05218119840921481 0.05221379282088043 0.7053977116873729 -9.869512557983398 6.694681167602539 65.20753479003906 1 images/loop_0264.png

266 0.705764977766276 0.04513057690557642 0.04511785494413849 0.7055660184220734 -9.3926420211792 6.716201305389404 65.44892883300781 1 images/loop_0265.png

267 0.7064621314469087 0.038485183165428316 0.03844134629638894 0.7056574313384185 -8.940396308898926 6.736873626708984 65.91796875 1 images/loop_0266.png

268 0.7071389073278779 0.031303607218440575 0.031239478209518834 0.7056902613182678 -8.448808670043945 6.759134769439697 65.90250396728516 1 images/loop_0267.png

269 0.7077346102971949 0.024218697777299927 0.024147367403366052 0.705650112104389 -7.961063385009766 6.7813825607299805 66.02732849121094 1 images/loop_0268.png

270 0.7082647852122652 0.01699568586071994 0.01693028158281871 0.7055391599733307 -7.461148262023926 6.804068565368652 65.87471008300781 1 images/loop_0269.png

271 0.7087000552709065 0.010067560155442417 0.01002021047965385 0.7053669054282843 -6.9792609214782715 6.825784206390381 65.447265625 1 images/loop_0270.png

272 0.7090500101950539 0.0033966342620813314 0.00337791289710071 0.7051419258720498 -6.513193130493164 6.846522331237793 64.61792755126953 1 images/loop_0271.png

273 -0.7093569336339309 0.003755858652111541 0.003731887504738907 -0.7048295590048025 -6.011363983154297 6.869029521942139 64.0784912109375 1 images/loop_0272.png

274 -0.7095884768033706 0.010873158178334478 0.010794416044441622 -0.7044497488120501 -5.509983539581299 6.891413688659668 63.48213577270508 1 images/loop_0273.png

275 -0.7097407484837076 0.017752407842569047 0.01760929461247068 -0.7040190584784112 -5.023596286773682 6.912896156311035 62.683807373046875 1 images/loop_0274.png

276 -0.709817378587805 0.024094975805034745 0.023882848060037352 -0.7035682843649462 -4.573719501495361 6.932440757751465 61.61178207397461 1 images/loop_0275.png

277 -0.7098353784941647 0.030398166374923864 0.030108314972146985 -0.703066978522407 -4.125382900238037 6.9517669677734375 60.51020431518555 1 images/loop_0276.png

278 -0.7097963464594063 0.036577445318469036 0.036202708347955394 -0.7025244486529453 -3.6847453117370605 6.970572471618652 59.36227798461914 1 images/loop_0277.png

279 -0.7097075279190309 0.04238953406734719 0.04192732684946798 -0.7019689818502443 -3.26936674118042 6.988051414489746 58.14286804199219 1 images/loop_0278.png

280 -0.7095883048428592 0.047342059152788225 0.04680008290778906 -0.7014648382529484 -2.914752960205078 7.002511978149414 56.65951919555664 1 images/loop_0279.png

281 -0.7072812102720388 0.06439206186375282 0.06382877334498464 -0.7010940305396486 -4.5544586181640625 7.193674564361572 54.944862365722656 1 images/loop_0280.png

282 -0.7092811176574052 0.05614711383762032 0.0554515831982654 -0.7004947677628812 -2.2829418182373047 7.027470588684082 53.493377685546875 1 images/loop_0281.png

283 -0.7090798652356695 0.060648268884431054 0.059868199762583146 -0.69995952086951 -1.9593777656555176 7.04005765914917 51.910606384277344 1 images/loop_0282.png

284 -0.7088004549888162 0.06611717338330252 0.0652279831615022 -0.6992680062780876 -1.5658249855041504 7.055571556091309 50.46771240234375 1 images/loop_0283.png

285 -0.7083822808978217 0.07327312597296481 0.07222918129274224 -0.6982897238896827 -1.0503273010253906 7.076607704162598 49.726261138916016 1 images/loop_0284.png

286 -0.7082632746183657 0.07539574820118825 0.07429971286689087 -0.6979671680300943 -0.8974475860595703 7.084200859069824 51.10111618041992 1 images/loop_0285.png

287 -0.7082168287505922 0.07641631387734736 0.07529201377319261 -0.6977969497710852 -0.8240318298339844 7.0887908935546875 52.911231994628906 1 images/loop_0286.png

288 -0.7080739068924367 0.07878264088241613 0.07759793119495256 -0.6974261243658259 -0.6535520553588867 7.097286224365234 54.67974090576172 1 images/loop_0287.png

289 -0.7078298876638238 0.08235893401818627 0.08108300390034659 -0.6968639771115323 -0.3957233428955078 7.109158515930176 56.31067657470703 1 images/loop_0288.png

290 -0.7075060157683407 0.08666590434969966 0.08527724370039201 -0.6961695557705184 -0.0850677490234375 7.122980117797852 57.86415100097656 1 images/loop_0289.png

291 -0.7071326518221989 0.09121055109460101 0.0896987768147881 -0.6954122356802867 0.24283885955810547 7.137279033660889 59.3662223815918 1 images/loop_0290.png

292 -0.7067654009594239 0.09537048608515569 0.09374156940494541 -0.6946939301275374 0.5430326461791992 7.150323867797852 60.922523498535156 1 images/loop_0291.png

293 -0.7065555469308595 0.09770831521663013 0.09600973876825666 -0.6942726224621082 0.7116718292236328 7.158155918121338 62.672420501708984 1 images/loop_0292.png

294 -0.7063731916765515 0.09969265000207912 0.09793330191248574 -0.6939073122490952 0.8547878265380859 7.164923191070557 64.4588623046875 1 images/loop_0293.png

295 -0.7060699670148651 0.10275692861037661 0.10090471342705429 -0.6933429556218142 1.0758895874023438 7.174576759338379 66.1343002319336 1 images/loop_0294.png

296 -0.7057190391621526 0.10611905656704809 0.10416312982590348 -0.6927116470669741 1.3184814453125 7.184918403625488 67.77664184570312 1 images/loop_0295.png

297 -0.7053682452177076 0.10933172506419502 0.10727426421847233 -0.6920942455831897 1.5502490997314453 7.19472599029541 69.43311309814453 1 images/loop_0296.png

298 -0.704822703362929 0.11399584680149069 0.11178969305132037 -0.6911822974177473 1.8867454528808594 7.208160400390625 70.77027893066406 1 images/loop_0297.png

299 -0.7042455450063727 0.11865221621594481 0.11629309091228955 -0.6902432766291808 2.2225494384765625 7.221366882324219 72.13922119140625 1 images/loop_0298.png

300 -0.7035777489654421 0.12371578920106382 0.12118635671523847 -0.6891927318313552 2.5875587463378906 7.235255241394043 73.22467041015625 1 images/loop_0299.png

301 -0.7026591572740327 0.13019895078066676 0.1274465528081871 -0.6878050000486102 3.054615020751953 7.2521443367004395 73.65487670898438 1 images/loop_0300.png

302 -0.701718169557985 0.13642778209841763 0.13345308018061708 -0.6864177635916805 3.5028438568115234 7.268056869506836 74.28707885742188 1 images/loop_0301.png

303 -0.7007939108544109 0.14221086318320547 0.13902238610831993 -0.6850815579643177 3.9184398651123047 7.2826032638549805 75.2057876586914 1 images/loop_0302.png

304 -0.6998944685324825 0.14756363834652306 0.14417109928612298 -0.6838036265523904 4.302574157714844 7.295833110809326 76.30783081054688 1 images/loop_0303.png

305 -0.6990168870201958 0.1525569106878973 0.14896878201170674 -0.6825760636353344 4.660377502441406 7.3079423904418945 77.5268783569336 1 images/loop_0304.png

306 -0.6981432508665242 0.15732648044368935 0.15354705956295622 -0.681371910427993 5.00163459777832 7.319255828857422 78.80498504638672 1 images/loop_0305.png

307 -0.6972728600838181 0.1618999100701356 0.15793305250317616 -0.6801883038077347 5.328340530395508 7.329861164093018 80.12997436523438 1 images/loop_0306.png

308 -0.6964002954216846 0.16632338493511425 0.16217158751372096 -0.6790165950575852 5.643819808959961 7.339873313903809 81.48554229736328 1 images/loop_0307.png

309 -0.6955093800874786 0.17068740799330184 0.16634987329186804 -0.6778349582447327 5.954524993896484 7.349483966827393 82.844482421875 1 images/loop_0308.png

310 -0.6945908018786321 0.1750396728714605 0.17051377384208344 -0.6766312022045553 6.263835906982422 7.35878849029541 84.19196319580078 1 images/loop_0309.png

311 -0.693622180785268 0.1794801398331407 0.17475911208536837 -0.6753772297548225 6.5788116455078125 7.367959976196289 85.49529266357422 1 images/loop_0310.png

312 -0.6925500235248475 0.18422953170982742 0.17929700688987052 -0.6740078099562677 6.915004730224609 7.377349376678467 86.6623306274414 1 images/loop_0311.png

313 -0.6912891950458894 0.1896063286886681 0.1844318943559281 -0.6724236501479515 7.294708251953125 7.387331962585449 87.38323211669922 1 images/loop_0312.png

314 -0.689990000594322 0.19492527270192977 0.18951055314461157 -0.6708231416616075 7.66937255859375 7.396356582641602 87.01951599121094 1 images/loop_0313.png

315 -0.6890407542018975 0.19867390756904982 0.19309071962311616 -0.6696771546764545 7.932872772216797 7.402046203613281 85.7262191772461 1 images/loop_0314.png

316 -0.6876775718962783 0.20394885033662932 0.19811942248223105 -0.6680217945490353 8.302459716796875 7.410433769226074 85.82701873779297 1 images/loop_0315.png

317 -0.6864995204254016 0.20839708160253206 0.20235324923210415 -0.6665899994452741 8.613037109375 7.417613983154297 87.07376098632812 1 images/loop_0316.png

318 -0.6851764252576755 0.21324672980584727 0.20696695426484785 -0.6649990814584318 8.950645446777344 7.424964904785156 88.17991638183594 1 images/loop_0317.png

319 -0.683784632392399 0.21819863470685552 0.21167505885431914 -0.6633412408218538 9.29421615600586 7.43202018737793 89.21747589111328 1 images/loop_0318.png

320 -0.6825037521785706 0.2226380063275099 0.2158922260592286 -0.6618243672817395 9.60113525390625 7.438096523284912 90.45446014404297 1 images/loop_0319.png

321 -0.6809747044938809 0.22778229873187256 0.2207779813120788 -0.6600346651439293 9.955574035644531 7.444490432739258 91.2973861694336 1 images/loop_0320.png

322 -0.6794673228841513 0.23271515625779277 0.2254594286879268 -0.6582825071322109 10.294055938720703 7.450237274169922 92.27062225341797 1 images/loop_0321.png

323 -0.6778643185044512 0.23781454849984734 0.23029671616082703 -0.6564355480516342 10.642536163330078 7.45565128326416 93.08351135253906 1 images/loop_0322.png

324 -0.6761455323191904 0.24312580230300151 0.2353330247203294 -0.654473399654487 11.003875732421875 7.460683345794678 93.6300048828125 1 images/loop_0323.png

325 -0.6743615282031272 0.2484832871122178 0.2404107167244494 -0.6524532723417727 11.366607666015625 7.465188026428223 94.04747009277344 1 images/loop_0324.png

326 -0.672532524204653 0.25382546278948903 0.24547120137243172 -0.650397207576566 11.726455688476562 7.46914005279541 94.4459228515625 1 images/loop_0325.png

327 -0.6706794078158336 0.25908936058162446 0.25045611990430766 -0.6483313714202695 12.079177856445312 7.472408294677734 94.5346450805664 1 images/loop_0326.png

328 -0.6688005279898688 0.26429280942632616 0.2553804771838882 -0.6462476123896648 12.425922393798828 7.4752068519592285 94.89640808105469 1 images/loop_0327.png

329 -0.6668408969233266 0.2695806484021409 0.2603827469651384 -0.6440887495372544 12.776268005371094 7.477489471435547 95.19525909423828 1 images/loop_0328.png

330 -0.6648336705411708 0.27485644542281207 0.26537256401304454 -0.6418937039677469 13.123760223388672 7.479135990142822 95.22559356689453 1 images/loop_0329.png

331 -0.6627779822465346 0.28012529813654946 0.27035405614011265 -0.6396591654324285 13.468620300292969 7.480221748352051 95.23208618164062 1 images/loop_0330.png

332 -0.6607096845885896 0.2852959919880986 0.2752417073594559 -0.637425220850434 13.80489730834961 7.480700492858887 95.08314514160156 1 images/loop_0331.png

333 -0.6585786217218039 0.2904990845734484 0.2801579428404366 -0.6351346376449739 14.1409912109375 7.480680465698242 95.07149505615234 1 images/loop_0332.png

334 -0.656428860658122 0.2956223914042305 0.2849984376049299 -0.6328384020887741 14.469673156738281 7.480049133300781 94.83059692382812 1 images/loop_0333.png

335 -0.6542892694064832 0.30060451885219436 0.2897051432226726 -0.6305659403864923 14.787059783935547 7.478872299194336 94.44783782958984 1 images/loop_0334.png

336 -0.6521355157889337 0.30550878291480926 0.29433795652593464 -0.6282903946080591 15.097259521484375 7.477179527282715 93.96180725097656 1 images/loop_0335.png

337 -0.680877902720875 0.31571645338628385 0.27799949533965546 -0.5995370574355727 17.663860321044922 -0.9106464385986328 94.15836334228516 1 images/loop_0336.png

338 -0.6783471080008979 0.32633068894804756 0.2853796154623937 -0.5932216766066855 16.812362670898438 -1.6013669967651367 94.88668823242188 1 images/loop_0337.png

339 -0.6804783417457846 0.3268803375268812 0.28397024675825483 -0.5911508862458673 18.718109130859375 -2.146428108215332 94.48260498046875 1 images/loop_0338.png

340 -0.6778174851382004 0.33856934997673077 0.2916339621063612 -0.5838526220232326 17.483848571777344 -2.903641700744629 94.22274780273438 1 images/loop_0339.png

341 -0.6732025955796335 0.3528464370472853 0.3016775628404297 -0.5755764981707813 15.354381561279297 -3.54681396484375 93.79375457763672 1 images/loop_0340.png

342 -0.6684499201161653 0.36811518206506477 0.31175407244740433 -0.5661053924335601 12.947032928466797 -4.3524580001831055 93.16725158691406 1 images/loop_0341.png

343 -0.6622537116982397 0.38563336421202804 0.32327196135950786 -0.5551595885393632 9.914741516113281 -5.200761795043945 92.44579315185547 1 images/loop_0342.png

344 -0.6529348073857908 0.4072548138289514 0.3379662292741124 -0.5418472864077704 5.745510101318359 -6.015795707702637 91.65897369384766 1 images/loop_0343.png

345 -0.6457141924168989 0.4221850161271569 0.34817959896371464 -0.5325260188334193 3.300060272216797 -6.425348281860352 90.65691375732422 1 images/loop_0344.png

346 -0.6295867725388424 0.45100974815871986 0.3684095864317339 -0.5142811288926814 -2.826831817626953 -7.1009368896484375 89.56231689453125 1 images/loop_0345.png

347 -0.6286141482159332 0.35322962093972615 0.33942173299830847 -0.6040413683862708 17.985177993774414 7.433345794677734 86.74827575683594 1 images/loop_0346.png

348 -0.626254563737004 0.3575288282359483 0.3434876958511033 -0.6016598384284138 18.232362747192383 7.426898956298828 85.8085708618164 1 images/loop_0347.png

349 -0.6236450452950131 0.36220110793355564 0.34790598213473234 -0.5990314202824039 18.498228073120117 7.419528007507324 85.04716491699219 1 images/loop_0348.png

350 -0.6207406846199931 0.3673043195452451 0.35273098489933785 -0.5961118951948959 18.785215377807617 7.411050796508789 84.55534362792969 1 images/loop_0349.png

351 -0.6175538549071692 0.3727919015782134 0.3579182978106766 -0.5929147716993587 19.089740753173828 7.401453018188477 84.44921875 1 images/loop_0350.png

352 -0.615211660744597 0.37674028904852785 0.36165693174547 -0.5905807572313538 19.306352615356445 7.3939056396484375 83.6612548828125 1 images/loop_0351.png

353 -0.6137199023032867 0.3792091281350838 0.3640028333025554 -0.5891097147421575 19.440853118896484 7.388666152954102 82.14857482910156 1 images/loop_0352.png

354 -0.6123155784234103 0.3815087401220314 0.36618997970522765 -0.5877291998820456 19.565372467041016 7.383609294891357 80.59613037109375 1 images/loop_0353.png

355 -0.6563853929409204 0.40226986550167954 0.33349603464807065 -0.5441668550335159 22.073328018188477 -4.135969161987305 79.37196350097656 1 images/loop_0354.png

356 -0.6234953447359095 0.4543565998374768 0.3747122724978282 -0.5142026333229824 11.069628715515137 -4.967822074890137 81.52135467529297 1 images/loop_0355.png

357 -0.5927835569257215 0.4981294093877299 0.4071233486202559 -0.4844845974329328 1.6232671737670898 -5.88785457611084 82.51927185058594 1 images/loop_0356.png

358 -0.6125458606917259 0.47754176571613993 0.3872695811180581 -0.4967531601175661 9.464909553527832 -6.404890060424805 81.91706848144531 1 images/loop_0357.png

359 -0.5748744433088482 0.5196405281317219 0.4238367889285681 -0.46888748362911936 -0.6093626022338867 -6.068462371826172 82.54328155517578 1 images/loop_0358.png

360 -0.5912906245358014 0.41392529754075663 0.39692344680139385 -0.567003547406151 21.227310180664062 7.3076066970825195 79.32673645019531 1 images/loop_0359.png

361 -0.5879971993495564 0.4186416369389777 0.40141166015602886 -0.5637970844806778 21.45429039001465 7.294526100158691 78.5584487915039 1 images/loop_0360.png

362 -0.5840490350448327 0.4241969561539216 0.40669368284084056 -0.5599499222165333 21.716136932373047 7.278871536254883 78.64187622070312 1 images/loop_0361.png

363 -0.5359043730037002 0.4999086642823149 0.46409274908787196 -0.4975095482652011 3.925316333770752 4.520535945892334 81.75808715820312 1 images/loop_0362.png

364 -0.5440276433536871 0.4975175111308745 0.45597177413466833 -0.49859802504387885 7.344516277313232 3.48744535446167 81.37149810791016 1 images/loop_0363.png

365 -0.5532454708195691 0.4897659051103973 0.4466454431528985 -0.5045360793043224 11.788211822509766 3.114602565765381 80.92314910888672 1 images/loop_0364.png

366 -0.5424961171492553 0.5036404723396888 0.45744442917049266 -0.4927360669976564 9.798301696777344 2.7417140007019043 81.26884460449219 1 images/loop_0365.png

367 -0.5628250492451291 0.4521525923497402 0.4333588911602455 -0.5394312455039935 22.940107345581055 7.190888404846191 79.22659301757812 1 images/loop_0366.png

368 -0.5548783661373173 0.5226143617285576 0.44379889487399643 -0.47119716533151224 11.92652702331543 -2.9012842178344727 82.9255142211914 1 images/loop_0367.png

369 -0.4913578730159503 0.4969570357402238 0.5086245035454924 -0.5028938850758006 7.808507442474365 12.51573371887207 83.2076187133789 1 images/loop_0368.png

370 -0.5042513216316821 0.48408370387028543 0.49524318422197733 -0.5158757222060409 13.976131439208984 12.475699424743652 82.96184539794922 1 images/loop_0369.png

371 -0.47815279481475725 0.5090795920334352 0.521664663707982 -0.48997331807389843 7.147171974182129 12.615657806396484 83.94772338867188 1 images/loop_0370.png

372 -0.47350263883587385 0.5144259100737041 0.5260402428623523 -0.48419303686610693 7.2790913581848145 12.405696868896484 83.86643981933594 1 images/loop_0371.png

373 -0.49274114162660426 0.47737966201053844 0.5062390959452164 -0.5225292368698465 18.512287139892578 15.278066635131836 81.26408386230469 1 images/loop_0372.png

374 -0.5304600498575706 0.4895988883796275 0.4693606874421606 -0.5085328004036311 24.295469284057617 7.051346778869629 81.61309051513672 1 images/loop_0373.png

375 -0.5254482816207516 0.4949260210390774 0.47451255771560263 -0.5037759120982485 24.457550048828125 7.02979850769043 82.4467544555664 1 images/loop_0374.png

376 -0.520326486347983 0.5002465088872318 0.4796726426136873 -0.4989267820822014 24.611019134521484 7.007808685302734 82.9281234741211 1 images/loop_0375.png

377 -0.5154579291192667 0.505188713684303 0.4844831291261849 -0.49433145203008977 24.74580955505371 6.986939430236816 82.77645874023438 1 images/loop_0376.png

